idx,branch_name,merge_commit,parent_1,parent_2,notes
1,refs/heads/master,fc4f8d4338a894e387799e104fe15bddd35358c8,108f69fe297a827b76dd811e98f17fb59aa1a62b,957de4f65cd90eddef926ded779dde697a669db7,a parent is the base
2,refs/heads/master,108f69fe297a827b76dd811e98f17fb59aa1a62b,34f37228f14f2270fc13dc50d8bb21dc2b3bbfc6,899cfa5c951b0adf138c1f65725d8fd91d172524,a parent is the base
3,refs/heads/master,d274f71f7903b6cb7f41a8d0c8d0c02be44f93a0,d82f3645bec69b7f35b34ba1fe3f59be6873df8f,1b5cf458c62d21fd07016324ba6187d548ed10d1,a parent is the base
4,refs/heads/master,08285bc7438ea51c59790ba2ac150c040772eb42,fc3d50b8488c9cd9d77ac6479832e26ab8d8ea22,ea44e6a208b0922ca09a29cfffb9c1b1582f600b,
5,refs/heads/master,0c6ad53bfd994573adbc0e4ab5ab837753ba1623,ef75c5a60ec73347792b383c4c903942af95a9fb,fd6088bad21fb8d3bdf86b1f417f814004e47891,a parent is the base
6,refs/heads/master,b295d3855387c9a677a8e65bc624e666bc7c9c05,c5771e9ec2c9663684ba95fdb756302f4eaf6d20,d13c4688fa4d384e73453be28bbec119b18843ca,a parent is the base
7,refs/heads/master,6293fe3a69094b39858d5bbb6977559fb667c35a,53cdebb7b9680512e581febff03bb2bae429efc6,85c6187f95a6faca95472c09283948b1b20e6484,a parent is the base
8,refs/heads/master,d3f4229336e8290859a32ede82f7442bc4a49cde,a10b75a296d93e957ffec20992b3cb4a4bc2dede,6cd715c7750af99d48ac858526775ccc2aa3997b,a parent is the base
9,refs/heads/master,7c1a7df61f03eee667ffb67c0fdbf3d5717acbd8,962db4709f91f5bd9397ad2b7458ff7b4107c74e,73c88a19971635a63e203b8f52a41b0c7c940f5b,a parent is the base
10,refs/heads/master,962db4709f91f5bd9397ad2b7458ff7b4107c74e,ada5eb3143f11dee97a2c9bc9844d3a4db6d28f1,e47062db1a9e53aba4010bf6fb2b4c233e5b61bd,
11,refs/heads/master,e700f9a46be695ae079717f62447b6c7061a4e86,10f91009fd489a4656178d760ce2af000d772baa,eb15ba8a585c83fffa62cb05b9b2456f81cacbcf,a parent is the base
12,refs/heads/master,969337d183d94aceb3253083961bb6eb16a5929e,f145e8b1210ee4f1562cd00be9e2c97632314016,28c9a40e16ef97858776d533180d21b08e9c2737,a parent is the base
13,refs/heads/master,3fe2104cbdaa8922a6f413438c0bef37bafde2c5,2451ba60e5e87e78f2f61936023a92e3e51a65eb,f458bf06c6d3941543e50d4106ceb758a90e3ec2,a parent is the base
14,refs/heads/master,2451ba60e5e87e78f2f61936023a92e3e51a65eb,671c8952834bb65b889c1ffc0f93a2d48d450260,5378729e694d629fb3949231bd1100d98970449c,a parent is the base
15,refs/heads/master,671c8952834bb65b889c1ffc0f93a2d48d450260,2f4bb7132c8bd15114aa4aebadc69d73940d0767,0f37721c182191b5a62c04917b71449fa8eeff7d,a parent is the base
16,refs/heads/master,2f4bb7132c8bd15114aa4aebadc69d73940d0767,42183fc15f4d03165f345fbced7e5fdfd5139a52,f88632a277ca2d960f96cdb86de4574ce119a9ed,a parent is the base
17,refs/heads/master,42183fc15f4d03165f345fbced7e5fdfd5139a52,3a1b4578bae896f0f0b039b25080ab88351c9499,50fb2aac655dd0f55b356778db1f49712c20fd75,a parent is the base
18,refs/heads/master,3a1b4578bae896f0f0b039b25080ab88351c9499,1868468d2dc76e4239ce87c1712620babad62b3a,57ba0c27d3c69420846611eec3a6aad91e8091f6,a parent is the base
19,refs/heads/master,f75e2ab2b4d5ec1e1f31033f4abb33f5949ac2ea,4c2ee4f5d503204df3ca007e934978b2cdc8216d,3b2812dbf5c8e201f1cbc4f7911024ae56eadecc,a parent is the base
20,refs/heads/master,56e3363a4ce199e61c6f5d7a369db1eb1e90d04b,8adfe6cb4d6c1b769cdbf721fae1cd13c4d7f399,5732cc9e302ceb1b1daaa730b9184a475592ff32,
21,refs/heads/master,d9b9e5cc9394bc0c80e5fe9ddae4d418a502f5eb,85c8be7d1b49d3b141a72a80f8fad0fa249f2432,4ac0ad226c16c27c1e20734e7b62b42432a0d337,
22,refs/heads/master,8203c020a5a174cd61b3708d0dda290e2e3ceaf6,c05b2e0adbc06da5736c8f4c889ccff41a1b9cb3,f68f696d8eab676c2bd37d1cc9241df9832e1140,
23,refs/heads/master,c99eede9899caf02408d23b6e1ef7e89a2aed5cc,58d11dccc5ecdc181aa165f62d88627a83dee151,9c47b5ea2562c416302caa81024294566e0f3702,two initial commits
24,refs/remotes/origin/pull/70,ee78f139b59e3ca8a016ad361b96d95fc4440360,bd6f0c784969a4a641f0d0daf5ec8e1f6cc5efef,db9596df0e2f7c0168d9f789a6b76c6f0fd2074f,
25,refs/remotes/origin/pull/71,7906f4d88968379dac463a1b83b3effd93d12a81,ee78f139b59e3ca8a016ad361b96d95fc4440360,8eddf145b42c338c2f9f36fcf6db877a42947f03,
26,refs/remotes/origin/pull/77,36f4aefd8a65c754a2c3daf796e8d669a7720379,54e8c7729dcdb977ad3a46b3221a3ee39f094cbf,614b59cd9e8ad99db4dda064f9d6309dbed4601c,
27,refs/remotes/origin/pull/77,54e8c7729dcdb977ad3a46b3221a3ee39f094cbf,81025a52a8ebba071e089e344ba36e3aaddc1033,5d8aea23759bca0875a61885ad9123f69d82bf5b,
28,refs/remotes/origin/pull/77,81025a52a8ebba071e089e344ba36e3aaddc1033,7906f4d88968379dac463a1b83b3effd93d12a81,b6a38c8ac8bef1218c26bcd3e758f7c569312f79,
29,refs/remotes/origin/pull/82,bbd06c14df87a7708f13a42eb01b51383ebdd379,a3c37f7112acccd27f2c75daa7c0414fa495845f,a7ad9b5ada0c46f41664e4e25f5c8f52da74ece0,
30,refs/remotes/origin/pull/82,a3c37f7112acccd27f2c75daa7c0414fa495845f,b07cc8784d865c964493bdf10d4180719cf2c825,c9281552120f7d0ffb2b5a487e4f4cdb4138fe19,
31,refs/remotes/origin/pull/82,6e15a53c7ee51c0199c28d591a40e17521ba06ca,08e4e7806823ee4cc2822164907ea56a708b7a08,6355501812b37bd670fdf9cadbcdd3d49eb54d15,
32,refs/remotes/origin/pull/83,33572f4165845bc052019e6203ab7f6aedcd2ab6,15859fdec16ba682d4782108172dcda851738f97,c9281552120f7d0ffb2b5a487e4f4cdb4138fe19,
