version https://git-lfs.github.com/spec/v1
oid sha256:b1cccb091252f1d3f9a6eda77ba463e271037ec6c3abac3ac7d700c4aec5f1dd
size 2622
