idx,branch_name,merge_commit,parent_1,parent_2,notes
8,refs/heads/master,e1d1d965e8fdac39568ad1b7fdf69c93523a78b3,2ac7870fac27640afa5cd81da32c397e57121272,47362cce28fa42aa347d90317604be2e113ad551,
10,refs/heads/master,36c777d0f5102fd94982e5a7fec28cce2c31fb8b,5d6655b938b57824cf8e46f12f5d56d28fbca218,a61d6d4018ef1127982ad7116267c24a0fdddca4,
18,refs/heads/master,311c0ea21ecab6748b8272ce6c93f5a3ca4b68e4,5fa6aa6dd4405d381a02f5ff484fe5b8e0db947a,8febc875912e198d85072fb6de3ef7b2bada6138,
21,refs/heads/master,185726b4407b1f5cf9f5a84031b1cd215b213d26,7d2534f3b6ce7aeb3189ce6e253413f5fb24a924,d769f002641ebc104b9b1b3eb90b4b24b9942b54,
23,refs/heads/master,e10e7ebb72e804ae584fc475b5989d943327c785,8cffe81b2e80e90dfd10e24cc0ca2f596ced8769,12fa8a364f2001f17bd7ad1ed79aab3b277037e9,
24,refs/heads/master,052fda3db843624f155eb5fd801b894e31ed3273,e41d6972e2a955211a23d3135c7d7a05107df201,0d9295645b47c6ee7dfe9c5e7d2effb099df046a,
31,refs/heads/master,5d897db48116e6581e2f336a8568464971c8b41e,d7ef7b1c938597ea92c58a862fd5c87c36133450,924afb45bae8d58f8e65c5e4fefe565e9575e620,
34,refs/heads/master,8ce692fa8fc56022072b492567c622cfb317eb4f,de00b56fd0476d5ad504f97c49094d943173da24,056203de0a900437481c3ac794a841cce8e04996,
36,refs/heads/master,d3b608e0a2fde63c3ebaea07bd43a35451a8b85a,0b0600844e4c9a1715ea7f0e2efaa9d1fab423f4,d156b0f4e5469c499260d4aae5af702faa5e3232,
37,refs/heads/master,d156b0f4e5469c499260d4aae5af702faa5e3232,0244bd47a55d0a8c3c81818045b014f69d1d09f7,fde2c1860f6bfafa1d4c7c9d1d23c29129781757,
40,refs/heads/master,254c04330ce388429861c9f88b25fb95f52adaf0,8a9763bfe0a4297ca0d344d097bc54fdb99d4e87,ca368642772b88d2ec6e2a89f6c3cdd7fefdec84,
41,refs/heads/master,a13ae5707e646543e5e2724aefe3b8328776adc0,bccec29b4e630d0aef2c4994f3e7961554cfde41,2d8ef5e3cbe6e7673a122cb51a625cc355b0c2c4,
42,refs/heads/master,e61d2413ed460155bd676bf703f4d83c7b02f8a3,788e47f9c0b4b54afdcc15fcb82f343e2e6b6a7d,08fb7a74ab3f2f4a2abc155ca8586954eadad933,
45,refs/heads/master,69f7c43181d6bd856989d7d78cde00200401374a,8d417838adfca856d910b6c96ddb1b3a2b2d166e,a12f832dacc2f116bd63226455eeb16e4a9e5aef,
46,refs/heads/master,a46f812801c239ca011cb955080218dc4c489e22,0f51eaddf879d4fc9fa4ad2293aae4c43c292607,89b16d783d1e9a97a5aab41022f8dc6f31b4c27e,
48,refs/heads/master,a0ecf70efd159991ffbbf67c14aa6f3de9651e04,4e46cbc01d5595d9cf8aa7df79f8f7a16f073c36,8451445c143b6b3a1abede3abe29a03b5029a82c,
49,refs/heads/master,6f5db04f88ad7c424414c7a64fd7386248ad0fd0,147425d4f99f15828aec9b8b6976a064c87acab6,a2cce4824f58742d00c5f0b47ca92c086b084fb7,
53,refs/heads/master,38d95f508e9b0b43c2fe95c45b4c7a6a531891c5,9d376eeefe3869a7c2ca79f21770b28f17966ff2,36a8c1708b9996542975c6859f138944d0bd548f,
54,refs/heads/master,e04d56167a943d054608b6453be18789acf3b645,5e6226e577aa07ad053732762182933ab7028496,fa8b8fb6d34448ca4ecdfffcb76081cee990168e,
55,refs/heads/master,40d4495f0851e0fd1a99f89825362db78f7e5867,0841637c6ba59e859f27d41cba96cc520d5a6e3a,6b263adc36486fc40f5ddbdfb548b7254a9482c4,
57,refs/heads/master,6aba129dd535a6b919c5ec2c81458b9d73effcf0,a8d7b1f417d17fd273bed8f724ee10b75e25410c,b8bd0e7c7db66fea940864bb358c49741ee355cc,
58,refs/heads/master,a8d7b1f417d17fd273bed8f724ee10b75e25410c,9aec101fa4b4caff0da0316d6cd677b3744fae0f,afda79a0da9e35ab0e4e9198e39db7c49c08968e,
63,refs/heads/master,49a1e542f367bf49574fed160ab0beff9d687cd5,aa141626e6d4cac49a69c7b65a066738079def5e,1e9e6dc3c7b186d0fbd373d93ed0d57cb6cb7a2e,
64,refs/heads/master,ac2a968cb41ce27aa1c28ffb7d87866435c72900,61ca678910e738da10f9e81b7ce764eac60d5c0d,2924c4a92ebfa7d0bf5c18b39035cd6ff2ea4c86,
65,refs/heads/master,4ec01ffc908104e0e2fcb965c8cd5266435381e8,abf539c69752703ca8efd1f3375b5bec53fd90ee,b94ef9dfcf4cecd44a385fe82bf91a2285ef1a33,
67,refs/heads/master,a50203b6c0d92ce616c04cc8a17947fd8e9199bf,796fd3e49b6ac4395498a53081b5200e0eea4e4e,d200cef3f15159a4ff9bb88f2d393636c40cee5e,
69,refs/heads/master,fa9f471cba472d3c014af37744b4159b3567230b,b0e2e81671d57fc15b2d06cad420a1eb59d634f1,9bf6bf9c87a6982e1ddc51dec3e1aa928b5a10ed,
70,refs/heads/master,2054b500ed2204db34abc1e0703498c848ff8ccd,328ea0ded48390881f3f3e827849729898222085,3b89ba12f40cbee4d0afa4ca0a0e37e8dffb59de,
71,refs/heads/master,a0122ef99437524ac36b8e04fb442f8f71854b33,9d3632a9821b3349f506274c956b439842823117,e918acdbe1ae88e30d03d7d025dec2ffff82e4e3,
73,refs/heads/master,8328be776f13f2b35d347469daf8a1abad94d1c5,4ae654c0b2b93333de7e9c6114363d4fb6848308,a26c876874945e381e39a2b1bfb850b3f36486fc,
74,refs/heads/master,0f2bb9569c79597209bae7e8b02e16c507102df6,7f7d169f21cbe6f0f9fec60cb90461ebe98c4cba,33c02cd19c8bc79ed51bcca52391f42d6c3ac7e3,
76,refs/heads/master,bf9179a5f42ef2a7eb2a04462f17575ffe5f4cff,4441d531273812678fc6d837f27aaa65cf563010,f2c3e91e834403277ebf304750ecde8637aaa3d9,
77,refs/heads/master,11d1553538170f58a41164f7108c502cdf9e9613,b60e866e9cee605ce5c9798e5eb8cf0e57f68e84,f7a0a84d21e59e3e268bf46c849b5749a2bff2a4,
78,refs/heads/master,0fc420b495eaf2d13a92b1bcea83f9461888a8cb,99738f3c5a34b2e495b07ba9049cc5b61014643d,b18235576d893dbbe19b325a6866d3e523e39cce,
79,refs/heads/master,ecd0a0d9ac3e04b0b084e0bab5e5b1c6190e65cf,9cfb34d8f9f76421047f1004e52c8f6d40c88c1b,58bb24524f11d16d1eb133efa91f07ac37ee9373,
80,refs/heads/master,7b340fcc3a93083b824d0b081ba898ca6474fe1b,62e006a3f1100d996611509bc5b2f41a152c7a8d,7299d7cea1f371c57f26fc04a65cce5b6f21eab0,
81,refs/heads/master,1f5c61e14ec0fe08e93b7833f2dea78020a6ee54,235c0a7b012546d9c1b9ad0b4f8c20ab148ce105,2e538ccc2ddc748c50f4227990be7f7340b5dbe5,
82,refs/heads/master,a4929f86654acd44f677229d695f47145183678c,70e1bed404687732ecd64b9bbe9900a6c8511ba3,b1e108296673abf3ef4b6b589bcf0779dde1a298,
83,refs/heads/master,390ad76cb8b0cd0837abe6b12292c09bc9a5ead2,41e29c3efeadb3de33932f51506207a2d67bbaf3,f40f28581b20c255d4c535bb9f761dede717b659,
84,refs/heads/master,95815744ed267048fed99e80bf4f2431f908a36c,79d261f1eb7e1e60f0298f30cb400528887008a1,059fc64ee42c91ab5b139f737768584297ac2ded,
85,refs/heads/master,89c0c2d64f5504816ff97a64a27470ac5ee92710,0f6499337113122660022c220d784d70dcba1461,f741d19fc1c56d1f30c54ef8d748c77c009d58a7,
86,refs/heads/master,e493aec33835cd1b92815418d68a559e05280e6f,3582c0cda1bf65a6e8be318f8d600063d3a52ab2,2c3a5af420b2ea2eefe1140f3c38bbd761c248d7,
87,refs/heads/master,a44cbe62615aba288e286251b8b742a1be90f8b1,0fa19f69c83ae55685cb3cf65b8fd4933abca8d1,355addf6870c99cab30ce913d740755a7787cadc,
88,refs/heads/master,87cd0f7f57f6dae3056cb8d498913ccce22beba4,f7c6c36081dd18940f883f39b85de922a6f9fdec,256b42c8cd5663d60caec447106de0a21e285e39,
90,refs/heads/master,315595631491db30e938d561d95bff108b1e6873,9eadf9fa1ca8a0696208349e4cbe1461223d0861,d90d409e716a255eeeb12f4394ae34d6ebe99b17,
93,refs/heads/master,20422606cde9e1c5c97ac6800d0640e88db7ab55,a3df87fdb7753251ce7276260a547c07473ad33f,3081dee78e12499fcc59276c1a26456ecc6245f0,
95,refs/heads/master,8290668fa5b20e18e5708125f22c552c7431f784,ccb055e8ec4589a767813ef474123b71e1e8aef8,e7ac9551fab37f904a960fa6ff4e06bedea9b695,
96,refs/heads/master,f640858abc45300dbbf60a43aff4f9114cc84c7b,74878748f602a9124165d8f0be7db7f831b264ff,6aeca6922f4310b1f07797c74822ddaae9d02a59,
97,refs/heads/master,74878748f602a9124165d8f0be7db7f831b264ff,b58e49a7d842fe346476c388058e2aa776e3810f,170f36e14019a05df69a8888e8f11458fc3685ff,
98,refs/heads/master,170f36e14019a05df69a8888e8f11458fc3685ff,410bcdb3036e020b56ad5b55f2453a10a7f2a909,974247d7f8dd9ef84d494324ad7b5073a1590d4f,
99,refs/heads/master,974247d7f8dd9ef84d494324ad7b5073a1590d4f,5c99f5b90aaaddc675bce1e7b6704d0500cea363,080a8869710c86caad9f09605ca6d4623e0c8ede,
100,refs/heads/master,89b80ec75f84479b99a60173f97897e69021df35,c9916608b766e95a62ba5c94133315b32048ce35,7a6789a2256392df08a5e8b1eec83c698233e9d6,
101,refs/heads/master,a294b3abd149867bce29319a40997534a4b5d3c8,3ea0cbe0d2f2b1727f05c455742526fca3099748,388e45ffe2956d19b66fc960099a00b60a398a3e,
102,refs/heads/master,77fbaa63e4840f299a209c605cd2452edcefe63a,b2df589c9afa5009e70c9d4cd6ec567784f8b65e,388e45ffe2956d19b66fc960099a00b60a398a3e,
103,refs/heads/master,f1521f391dd45510a0b0b94d0dfb505c141cca6a,48eb1e78c2f2e9b13bfb8d3813323275788d75d5,ca429a907a8d2113aa4199d93604544f6a3e6850,
104,refs/heads/master,1dee2025376ef7e656073402bb2d9b6e0f7e59d6,5f45fb336687067cba94f6ec9e0ca2d3017f94c6,8e5bac9cea448c0163d9b9744fb0b819baa7ae1b,
105,refs/heads/master,5f45fb336687067cba94f6ec9e0ca2d3017f94c6,c2a6c2c6acdf92f5eb68bf98c83b475d9bb3e3ed,723df03bae8402d1479e2877016d026dc2e0b0f7,
106,refs/heads/master,c2a6c2c6acdf92f5eb68bf98c83b475d9bb3e3ed,81fe767996afaa83b97ef4990bd22725fad81166,1c9c59236b0bec3ea01501866da7c41ba55dafff,
107,refs/heads/master,81fe767996afaa83b97ef4990bd22725fad81166,ba7965e830d0ce89b97ee1807695b76cec69a91d,0558fd1c824ed449f4e4ee3011ccb8291dababfe,
108,refs/heads/master,32e26d06034705519f3bd4e6d1763c65462425d1,f64651b245277d37bace0785760a2f5a9404441f,a31cfe4406d4bd1f0e5edd032f856e63d2bd1ca5,
109,refs/heads/master,f64651b245277d37bace0785760a2f5a9404441f,9f8d5caf8f0dfdc69f318035248457c8cf167ea8,ba9a60e3b0a488b2e2319c3c0f76776b40c96c23,
110,refs/heads/master,9f8d5caf8f0dfdc69f318035248457c8cf167ea8,b2e4fd8fa9c306ef49cc375d16fd723fd1406efe,7af824b00a02d308619e6198ebe444aa683c0e93,
111,refs/heads/master,b2e4fd8fa9c306ef49cc375d16fd723fd1406efe,1aad2effb108e45aaaa0c18f6af55d4903f5a55a,5839d10e5d40ddc75f5a1a3cd5c937ae90ab45b0,
113,refs/heads/master,f06d1845844ea1923c4fdabdd1b1658954af56b8,07e936c9a096325f4e47440d304b937c01f17c0b,bf748de2ae48191fcbf8143b8b0c47a72a5efe23,
114,refs/heads/master,d6aff7d9d6ee07840ac97551ae6e19b970b0849d,5a0e26a4fab54d87c0733eac68f1ad451a31db3e,e09d4e5f7920f2af365eed670fc4b8b58f578748,
115,refs/heads/master,5eca2be81d3d8aaf41dbd05bd0dc7912ece85cd0,e267b5bcba70fed875675434c991302bdbae6b53,4d35ac740046501b03cc2bf5f987314bce86f1ce,
116,refs/heads/master,f15f61912f4bb24a4bc973063aff9218b84f3af6,2067b1b985a348e9b1510e3e8fa2c4c357f070fd,c4eb5a2af16dda71b8d0bbeadef23ee6e3f22e05,
117,refs/heads/master,337edb24cde6232fe07dc7fbc4bc68acaa71ad2c,709e3e487aa6306201a44ef38d06e909846155fc,c7131d2211df53a8a8792deb949665a98fea55de,
118,refs/heads/master,0fc147bf274f7e73407359d6fca1f209d04b2887,dc78c1b19132d256ae55f23fccb7934eff13b1d7,2564206e0e066e11e5c3580b25ecc46115517c09,
120,refs/heads/master,f8d5316002377a3622255ad498477020d4907ce0,aeaea68d71ea86c917362ecbe9d156627639ca7e,e98863d4f708d97390eceb282612676d714af968,
121,refs/heads/master,e98863d4f708d97390eceb282612676d714af968,4588167b9c9b922ef1b9a2057643a53df8191965,5220a8a64271ce0b5bcb5b0de7e7bab2293c59bc,
122,refs/heads/master,3afa47da63f31e936a39c405e17548ba933dbb53,7d82032c24d4f764fbaca023212c67acea31e0df,1f34adfc9aea5850e80158f5c620dade13fe5ec9,
123,refs/heads/master,1f34adfc9aea5850e80158f5c620dade13fe5ec9,4f0f0cf4aaefe0982574375f69a227915d50c9eb,de147993160c7ea08dbb59f56b28ff3be67606a6,
124,refs/heads/master,7713a6c81e7a0775718008aff77fff09ff018ffc,fa493a334f47e194f55d3d9eafa4da4b9357e37c,79299497a64aa24ce31b17eaad7449a3062929bc,
125,refs/heads/master,fa493a334f47e194f55d3d9eafa4da4b9357e37c,bc1c54c6dcfa607fb297babdc8b66689ee1b43dc,c7265b067ffc1457135e7b34d64040e69dcc0dd9,
126,refs/heads/master,bc1c54c6dcfa607fb297babdc8b66689ee1b43dc,5eac6e2deeb6ce09d798a8e3c9d226815c942bfe,8dc649a1583b625ad4cc64795f92772841772022,
127,refs/heads/master,9ca2e023a4c99dcb9fbbb84abc1c639ee255639c,24e7fa78a308005f90c08805d751ec83649ca453,5419955e10c8e841f335d38b2c9869d319227edf,
128,refs/heads/master,a81f00d06ca5abad34e3f29d59dbeaf82b4c3798,da36f4084faf5991554e1fb6c1c68d2fb3a890f5,b9b8a4bac1b6abd029175c21db15c0f4324247b3,
129,refs/heads/master,b9b8a4bac1b6abd029175c21db15c0f4324247b3,032c95fdc076c88130a2c29ada0950fae004c562,e63222201c24ca5bf4b1cd654b3899d8db72f90f,
130,refs/heads/master,18fd1329de5888f84f52ed4b3605ee31abddab0c,b06240e47183c9be930ed1c1943916696e5bcd69,36e4e2ecf90d0bcd093a915f607e63f6981f451a,
131,refs/heads/master,8c2851f0bfa3abad7f7508147301cad7ff0f9fb2,8a608b377560c5c3bffad6c7aaadb6cc059b3809,34e951dd2b6e04a5f770f08aa4c3c94334e8b2f8,
132,refs/heads/master,0672d149f199b97151e18241e23101716e20e3b3,f0bdc10c925a379d480f884a893dfc3453dffc8d,a870e7f53d5555cb6346548e3ddcc3157fa6c2af,
133,refs/heads/master,8cf37740b21d115fa29661332c8e1cdc2b016246,60f14e079455de8659d6ffa4c2ee74a768d556e2,098961f2a6af37745273198675a7ddc1c091928a,
134,refs/heads/master,098961f2a6af37745273198675a7ddc1c091928a,f7c7bd845ec41b41d43de29e5c4e1c4ae7722a84,89f22bec81e2af0e795b79036b89725432fb64df,
135,refs/heads/master,20f93c67237e275fb66ff83d9b766b16ac2efde3,b93aa823f9562c2f180a50ce68fecbf9b577fb53,7c6d9945372f42a105a01816b837d1d20b55ec52,
137,refs/heads/master,ec553e78e9ae09eebf255724ef2781beb533bf24,42d3445c99eb350d04007d860c36f410cc611f8a,a96d98a77700bef7533e72a9234d27accfc4148a,
138,refs/heads/master,0464796311f459636e1d35f55cb2691c46be1915,0ec69ab4b63e8119cd5070c690463235438c5269,ef373dd9755dd5e390dc8686f4d564fc6e5cf8aa,
139,refs/heads/master,b0891add83512642cd997ae762a39bca6422f293,fdcd7935770293311396343c4339aae220cadf93,ef25283fa45536be40ff5cb5b4af3ba6de54d2d3,
140,refs/heads/master,24a927b1006cc9d77dc2ebb0a08a5d7d62e11358,bb371b43cd6500ca7f8b5b9dd66612b53102d148,2f9f13a1748aea2f20841d5fb7783aa24f66876e,
142,refs/heads/master,14c1a5452c8d28a265e040235e1338ced920b9c1,d238f8b682fbd041d2ce6dba3a7c679d39bf8de2,59d47ab7a22920990882321f633dab1a82436de2,
143,refs/heads/master,e69eea270e42ab3a4231bb23fe4f99232d616e45,5a9bc1807c1a5e51cdaa875c1e40cec59fd8e234,59d47ab7a22920990882321f633dab1a82436de2,
144,refs/heads/master,397a9e691fbdf4664f40c3e928034a8484d5679e,17af36c8c0543c6918b3b5a76e96a1de6215e481,abd1405a7a13a7ac8a96e7136fd0ab34398dd8d2,
145,refs/heads/master,ed85198b35f2144968df34618a1428e13a948a1c,c52592c5608d9913f1014cf9b8cb471c09cf1791,4e242f2297771012be84cece51618974233ad322,
146,refs/heads/master,37cbec4d527cfcd315de76bf3d288146d58e1514,93a61123ea264dbe2bca58e712f24b21d52f38e1,8f3139de8972e1d61cf242e88504a85c2611a84a,
147,refs/heads/master,be34e86ab56c3c4af8d5640225d888e9ebcd7cf8,b4c9b434eb86331f9e427ff2f855c224c44f3a6a,903e66c907c1ad6584052a774b0db7e7301a536e,
148,refs/heads/master,6e7e0a8932b9fa2a35a42c171eb8fc9beabff4e7,ee7c0b22b26f1f4ad96e05a6ac069813d8199f12,078a2defa34276a3aab32e35ed647d9f8431a320,
149,refs/heads/master,2b77a2a5c77f870b727431d6a801f9f72ac02113,2f09ff655211229c307fb8381ec959ae938fb765,f168df289cfd9fbd344e48f1863fea8bba51b3da,
150,refs/heads/master,f168df289cfd9fbd344e48f1863fea8bba51b3da,a49dd6ea1f3fa4d4e8f47f0479c6a8252c45b165,e50f018ed2ea5a827827e1b3f049c148a3e3e095,
152,refs/heads/master,1ec264c76c7a73273f5f513503f133fd9986e556,ec7a3712ac80762f5965bdf5374b22a904b50883,cdde3b2a3abdfcafea305d838c0ed0aa4d504187,
153,refs/heads/master,cdde3b2a3abdfcafea305d838c0ed0aa4d504187,82f1f318cd6f0cd6349baff5d1ac06f7f4dab383,2d953f1a2eade022f45ce878e3a83a3c135e6596,
154,refs/heads/master,6e5ebe4371a8e7d3df84a435698f24ceb84539a2,7963986f6d38c154543565d409d520bb86946300,a31c92820bbde9dca2f49bb69028f24083c027a0,
155,refs/heads/master,7b76ea03ca11e381a442873cebf7b41d0e876dd5,7a220f031a44ae06fe15b2298e38a05e58fbbfff,09f4bfb7f41145d7925f6309b5fdcab148e39571,
156,refs/heads/master,841d9fbe8ee9bdc744275fda7dc21e5f46d4fcaf,193f881b85d8534f57ea25434c93947feb23de82,3b353b3d99fda6c3a600b0666e6a70e8e1a59f10,
157,refs/heads/master,193f881b85d8534f57ea25434c93947feb23de82,514c6dc95f77a4abcde469e197650eb3d0109034,63d6a533d36c858b58de5e049ed5ceb8d40b7bc9,
158,refs/heads/master,b6bd9a93eeb222ea51cb16d5467427213fd0878f,f6ecb219c77dff711089c7e5facbcbdb3abb43f5,a89e5e69430875a0741c539591c308eb3d6d7353,
159,refs/heads/master,ebbcc3e5f153eb60318e1e85a22a80dc219810e5,bc804759774f6844f22b1831c9896406429f5456,205d6b30485b7b8ddec33b4b9f12d795f06ebd94,
160,refs/heads/master,80186577cf8baced1e8fd24797c13ac6237d2be1,c97fe22d42e011ef02970d85e57ba6a7afc91181,e027f863577dc0809a9ac12585b64a55aedadb57,
161,refs/heads/master,3a19f466043c9664cba5741043dcc288c383e16a,8cf7740aea4854f644f30d0e90c98b1390110db6,10dc0f0db515c7fa02b508bfa2718eab9157ebff,
162,refs/heads/master,8cf7740aea4854f644f30d0e90c98b1390110db6,2d5752539829b2698b1d74768cf3977d50dde14a,2d224f2718ddd32372facaccf4d52a30ae6f1447,
163,refs/heads/master,2d5752539829b2698b1d74768cf3977d50dde14a,02a473f2b1f734192419d3598aec14254642abdd,2f92fe877a1a5b690bfef01db0e4d960e253b186,
164,refs/heads/master,9d7525254ed517aa76ef844b0e7184462bfbb498,38a2ebc44d4da14346d939c76c5ec8a7a4f7f5cd,6c32aa39c54e1cf39739806bcc98c28415ab7036,
165,refs/heads/master,9a532a5f944f60d1ec188fa8e83164384b0b4b3c,dce60a78d2dbb935a604fc861378403c15f8a709,22a6d729984c519d379bd993965b8e471f82c7f3,
166,refs/heads/master,ef282bd2ea5038b7f0eb0a717bddbaaf3840b1d6,6f87e8840e722e1b92cd366443ae50c08d964981,271735b1af6b5cfb7afc27b570e37dbcddfd4025,
168,refs/heads/master,0cdd73a01c08030857f4ae76ee7d5e247e7e7ab2,a208b5b3378d11caafe5ea4f052245ebb48538a9,eebacc77c449761eba4ab5a472e108a9513c7c20,
169,refs/heads/master,a208b5b3378d11caafe5ea4f052245ebb48538a9,864176154fd5783f2fea04b7b2f5a652a4f551e6,fe75a42b66af8a78f0a2b859862bcd55488114d6,
171,refs/heads/master,dca62edfdcd8abde56b94852703662c0dc7bdad2,a8580d150d6ab8c8cd90548135c8c5ae84e9e816,83d4c504b427ab76b1df34140cd26c49e5b399a9,
172,refs/heads/master,a8580d150d6ab8c8cd90548135c8c5ae84e9e816,9d26d285253e87d215bd4696a47816b124aa17c3,2049d49ffc977a5efaa375f29121ebc1c73ebd3b,
173,refs/heads/master,6eada4d38b2d8518c67afb02a16fac320dce453f,82f079474c5d582b782ffe1f4e0c0163c83bb513,76a15ca3de3dda2bb2dd9907cd668af5a1b524df,
177,refs/remotes/origin/pull/22,fc50d63426715b2c08b45feca0bfb71877235fbc,a1a94a3f8aa1e0499ad313d986f73b7a02fe8e55,9a8f45e298ccb85d32a607e3e46dea6fd9676b50,
