idx,branch_name,merge_commit,parent_1,parent_2,notes
16,refs/heads/master,4b165e59c5f1db5923c322664d73ff968874771d,5051b67d7ce77e6c09a0a15c001568ee9f0ec9e9,12035121b3a4ba90aca59a4b8772cb428d975d78,
18,refs/heads/master,61deef83cfe73422517d629e2fef0d8e26250fc9,fc80a4c7410b50544fc95a6ddbc989411d2f39b0,c2c4928156d52b64f693f94d9865bb5c33172e19,
