idx,branch_name,merge_commit,parent_1,parent_2,notes
1,refs/heads/master,4a38e3b9265bc7b704f645b82c81f9465009dc62,47bf0439e3ef6eb0d4c104bfa9eced2294ae515c,f86c2db9ab9a7c5480d1e5911d0e116c63911319,
2,refs/heads/master,47bf0439e3ef6eb0d4c104bfa9eced2294ae515c,a79e330a70d1a29451cfc48fcbeb618f6a33e594,a20e50f591287886a6d1a962452b3d79ab3bdb6d,
3,refs/heads/master,23a07844230d540eebb67be3ecf6c554174386aa,b72c5a8e00aa504aacd365f5a7426b9d767c13a5,af15f8faf2c2ff36fd0b7c97abf0e4b6189a6d40,
5,refs/heads/master,7a556e8c59cdf22da6a226b671277279bc2e0f6c,0ea102d8ac719b5faae6a85f0d2fc3c6faff147b,0b23faa5cabc9b9310899184c31cc82b3988a399,
6,refs/heads/master,3955f96fd4fc3c2e9373c23978207dd375bcdb09,ca5423b1d67d3a97b887f9f2181f5f3f1d398904,6d06ab93fd4bdbe91e5cceadbb602d7e43e81a08,
7,refs/heads/master,ca5423b1d67d3a97b887f9f2181f5f3f1d398904,d19fc5f4f871201b5df9aaaa5e6a8c8742d28fbc,f3f26ccf138887f46ba8badf54c7abe5c04b16af,
8,refs/heads/master,d19fc5f4f871201b5df9aaaa5e6a8c8742d28fbc,0689b64e01d68d5a886f37d9983607824cca8d44,a62f295fc9b44f3220c608617597e0b3364ed3dd,
10,refs/heads/master,cab64ee7803dc345c95512127e167f292350d507,b8574f80388845165317955240b01aafc1ddd888,cf91e7ac165b1c33ed85f48f4d7a38eb4fd2f2f9,
11,refs/heads/master,84d41ba16de6af3a5cc79be45a8030c413035e08,0d9a0ba0426ba5eb1b918079abf3205879ee3e68,524356f5f5b26aad247aa30d7822c29352292bbc,
14,refs/heads/master,48c7905d94ce80f4ec8a42228720e45383ed8133,dfa60a37742e2de85db74d87fdf476769cfa134c,4de055f40f7e1c9b0afcda8050326c508316c4ed,
15,refs/heads/master,4de055f40f7e1c9b0afcda8050326c508316c4ed,a4deea0892ebbcc5f49134e3cd3f7d172bc8c137,680388fb40108ccdba4eb01e6ff3df63ba05c590,
20,refs/heads/master,538fa1ed0697aef78cf5da16245e44eabd11381a,ee0fffea7486c612a273524fc971cd66a92d740f,111288310441cb75dd815d5c9382666a99b5d7bb,
22,refs/heads/master,6e169dcdacf222eb832b18d431fbfe433de3627c,dae384c47aa8f0e9d02b97100995f20474fd3954,a6b2ebd2d97ad9d56d14d080039971fae0e8c702,
28,refs/heads/master,abedfc57e2e2eab7460961884084e12d4ea23b0b,6e277d744b9a831d0ae257437332e7fadcafb246,92a558e5c87ebcf73946015614666cb7a0a6802d,
29,refs/heads/master,56e013341f09a0cba0001bef7fca2a6db0d2e08a,34e1688a84027c6ba6b2ed13d7774498df21292c,894dd51e2560829ce1c0dd9b50c48ee26164bb58,
31,refs/heads/master,521cfe2e891f48be9bba14efb02d3274a423efa1,c3572e91547da5736c28e3295a0b2202cf5d23df,7ad710f68a83fc764a12fcb9b0bcbb971f2c668d,
32,refs/heads/master,7ad710f68a83fc764a12fcb9b0bcbb971f2c668d,e2867622fa32f45b04f327400fcf2c06dd036ef4,6a43decdbb0a476de17b074e2d0acd802a79d107,
34,refs/heads/master,3288d36906c61a97fb8a51089d49cb5a7677e700,35570956a949bd78d5e18d375a737a18dc0add93,1887510972795374d7e8263795ae924da52f7ee8,
37,refs/heads/master,a413fd5a42a527479e9a6d1305045f7c3a79f439,94a7f63ea86018b78ae18cb5fa700fe891aedfe7,77b06eba16af70bc6069ad66e74a43d91cfc251b,
41,refs/heads/master,b419b19497a2a8a2068d3402e1232af76bdcc2b6,d12dff93231360c753ce0c92d56f363d42ccf12f,3aafad15488dbbb83144958cd62f8a9fc283a24b,
46,refs/heads/master,6dcaf5421864be01d5fb4e193d0327ac1b90829c,de85de8363da3e9129d31bec2cb45bf924e6489c,bfd5b7cde6c666eb03e5b9137f6a6c15c78d5bc1,
47,refs/heads/master,86c7c5460ac70a93f9b90da35820b11ca38dc735,9118cd4026eeaef495eba1c1f1c2194ba5bd8512,e047b9febda7b40049ab6377b9c3f86509fa3da8,
48,refs/heads/master,efa9196edc07f18523072e5145861b60b20e64ea,2efcda7541252be59105287d19ff08d0cc0d5617,bcbfef795f80774c9795cd07d9952aee2628af44,
50,refs/heads/master,415ee9a3b9ccd4991f7f923702f70b64e3d504be,14a70c292a86096de48d44e4aba140bf4718b45a,9e9001fb32d6237878f0bd78291e4fa5a3120ea1,
51,refs/heads/master,7138b709026bce4e2cf5d40cceeeb4bcb1c655c8,ec9264f2a2d596f107e74e455e75649b70cfdd25,61eaeedd089e4788a92ee0ac79e45b29c4646bb8,
52,refs/heads/master,ec3d1ec29b4e08a4d6fa73261b169e31fd9f84d8,a797d07da4076de3e6852d500b73eeab95203887,8fa3eade7c2e14bbc11a951497bd46d6aa19557e,
55,refs/heads/master,cc7f5bd266ad9a97ba43b5b51981131893f98386,47d40be193130366e458c806199d2bfef3ebc5ed,842a1574766e00f0fee6753015eceabf0a826764,
57,refs/heads/master,e5bcb871a0519fedd03732f91c26f0ad013da1b1,ee8d54fcd6044d9ccdbba68d660d3413398b0829,01306bb9b5bcfaa261cd28a251fbc83968359d18,
60,refs/heads/master,2a3860261616506312b9066304df80c613ae8a9f,6002456bbcfc5534bb2d2db65d2aad3128018833,97d7fd49fb24e93bc9eb0599bbeefa3188302af8,
62,refs/heads/master,6ad35182ff2e93d83ba2d2b32bcf58afea0b3928,56e1bee1524ed8bec57cba5adf3bc41c052aa7f9,efd0daae442db3e3a9c11e7adf42fd0b0f43ca35,
63,refs/heads/master,56e1bee1524ed8bec57cba5adf3bc41c052aa7f9,351d9b17a5f04d188ea84160c92c1ffd8bbe5556,923afb5f8d15c0395bfa484831b3a949fbec3ba4,
70,refs/heads/master,9fbe859e65d1a6fda6e806a77e618ee9bd25a1e5,70c25fbec8a1b67417cdd02f28e8f0efbd186f76,dee2be6765a34e02a2498bb00dbc545fa6a52c28,
74,refs/heads/master,1aef15add69bba4e2977819f8041d7cefb61356d,a414c72fd40a2001fec13980f0f9b995e7de1a66,dedf4ffe1b5c22eee72917a9d0ffc974618e2f63,
75,refs/heads/master,dedf4ffe1b5c22eee72917a9d0ffc974618e2f63,c65d8d4b67eff9db7ed52c91ff06f896f90e434a,67d68aefe0b559995b291e886279253643ba5116,
76,refs/heads/master,f24d8ee5297205867bd98d1bd0284f4a24db5d25,3c07912452d43209ac13e4ec70afa9895c2dd59a,29e85eb59b1ce6322d882fe4f15049e9e79e6e31,
78,refs/heads/master,3b566e09be8c4761023ef173ff3cf85064197ebc,82bfd65fb815ab3ad531f0dcf50613bc1021d0b3,c86ca2441596f7e1be9f9320796963d20b7c1a87,
79,refs/heads/master,82bfd65fb815ab3ad531f0dcf50613bc1021d0b3,fef4dc253ca22ac4250ae2e8521c8d9d04334a82,f50adca1a9290d922df9f90036954aa9e36b4222,
80,refs/heads/master,714b22a45e3b101c7a2378518484d7440eca0a71,056df8bc3690ff314487cba7a36608f7c3873a6e,1fd8682f5bd8759fba08550be7d6bc46c8ee919e,
81,refs/heads/master,391f7a1f93bfc9e30cb3d3d2dd759c3efe2453f7,23e20fcd5c7ec889be3e35052d932cb30dfcfdb3,b15046a28d6536d75111ae38c18306aabfab9ed2,
82,refs/heads/master,31c5cee0fa3a90ceae460330849077406847becb,ec0080d03b5af02cf45b4a98904ecf6537def84f,bad6ba16db60cb1ba01635dcc2a99e6bec8514ac,
83,refs/heads/master,c4fd97a3da7e6bc6759aa2350d43d74e111874ac,72c0f85b9a505ce61f36a1209145ef0192c6d3a2,1b4bc45b3c75957f0ea90c6e5203ca288cfc0235,
84,refs/heads/master,583cb561f938cde335782b69463274de688667ee,cdcbdd716d3ddc3049c214cc54e4c02b9c7195ad,b7db1b21aff53c568fce688a620d45aa3270f7f1,
85,refs/heads/master,ae60abbfa5bb48be0bd04951b69e52861d1eaaed,3b18f3ddc03f7eb8cd265cfddc043d36a96b10b6,be7050d0f145f19457cf63c4eee7b808b44bf492,
86,refs/heads/master,3b18f3ddc03f7eb8cd265cfddc043d36a96b10b6,70f0acddc1efe3cacb7f7a110a39b6a139978a19,6597d29708b0bf91c3c68bcad928373c4ac5c995,
87,refs/heads/master,aa7591d22068ec8990f312d1b14fcff615304b12,343511d94f96d738b4255646734545c67f5d998a,8abd756eba5b3c753acc5af8eff1107335c8468a,
88,refs/heads/master,8abd756eba5b3c753acc5af8eff1107335c8468a,c9e977927634bf12761072de0ae83590f07058a5,90266fa6352d0e12a6ebdd902f9b50226b6f6017,
89,refs/heads/master,a801160be8a34aa091d73ca662054bf1588c2690,2386994a9d088d692e54fe2036063b838e2e532d,ba2c61dcef5bf9f78a1bde7a3c2a2bbcb0b53e1e,
91,refs/heads/master,a89246c85b2e6a439ae4811750513612d9cb6c83,7c4ceb40d5e3dda8d2dffcf542b6aa5e3f888628,3d8ec59c46a97664438fd8df9cdf1e2b9bddae46,
92,refs/heads/master,3d8ec59c46a97664438fd8df9cdf1e2b9bddae46,cc96324dac4265371a0b8c64b67d6498313110c6,e524a68af4700395c945e1370a47dfffccad655e,
93,refs/heads/master,7c4ceb40d5e3dda8d2dffcf542b6aa5e3f888628,433e460c0c52670c6733652925b5b7455149c0ee,1d21ed6872e7811b01cde5d7efbb1f51e3972736,
94,refs/heads/master,3c4d6f08a5e70ef5553c2e90536c6237cb2bfbb2,7360e4ad89c3f8a2e6184fafae158d943a1f41d2,479b2eed625c4241917847eefd3afdf0b7ef75a8,
95,refs/heads/master,b8fccb39f7a344ff9c86765b885d7104279deadd,479b2eed625c4241917847eefd3afdf0b7ef75a8,6b799e153bea33a08da8eb8dc6c554433479eccc,
96,refs/heads/master,c678f8027608fe5df9d5b4fb9d21ca8d99969c5d,8f5b5ca146612a8a3892eac28bb3c1259497c842,57153816cb369dbcf8463666f028dd0bbcfd14c5,
98,refs/heads/master,2e9085c0bee19b42050dcfa385d90279514fb9e4,dcec472e69a0b480f55289476719066047ea664d,fe9f12aba234b978883b554fddb5ef073491a61d,
99,refs/heads/master,dcec472e69a0b480f55289476719066047ea664d,90ee1125eec0b93408be0da8ee48aaf100be1f19,8c1657e01976e7a7a0421405a8bb426fb2d9c981,
102,refs/heads/master,2f614cffc8d52d410b9ef5da23d9ac337268e328,e00df4bda2ba45ae6eac9046f3cfc8da2d6fa658,c7afea0cb5bb4ee7992dbb2638c384def8e47322,
104,refs/heads/master,3d22a846698e34ea8ab0d7374b3f24ebe34ee819,3d66ca08eed5bc0f158ed07bff1bfd4a41a1a793,8053828631d52d0d51bdf31e1a1a2c041409afd2,
105,refs/heads/master,45b638b43821460e5c3c4031ef967314f5d30455,2a511dfc2fd911b9eaae547a087ecb849f3a8bdd,c305564ef0a8a276162558babab97f2dafc3d450,
109,refs/heads/master,e19a390b94838a7ccd0f35e89e23d0f86aab6488,284faeda20d413f2ad456c1bab0cc181158ce876,6e3110cb015cca60474ffeb6c334a6720fbec3bd,
111,refs/heads/master,ba885a0dec19603b5a00a12ca84e2484ca410ff9,b0ad07c664262e6600fec9a0c47ef072111b5ce7,60e7b7a5eaa479910639df7de2cbf48c7efbb225,
113,refs/heads/master,326485d134988da4d726560cd1bc3ca72cbdfa90,641edcfe93e0cf8649c130afe4852e7cd788fc54,694f99cda6f2a2fe1a00dfef84ed69b33ec21ef7,
114,refs/heads/master,214587e06a6c6c9452d3dc3b54bcee8a17777897,1861e923e9e79770eb0761605170b9a7fd99a80f,5c8a77344e8bf8336cda5cd5947b8e252b52d489,
115,refs/heads/master,1861e923e9e79770eb0761605170b9a7fd99a80f,c4b75f6c3e766be90e52c72665dbbdc548c2a869,4b4be7aac615027dd28b49a30a5f0f29e0a86ba8,
116,refs/heads/master,c4b75f6c3e766be90e52c72665dbbdc548c2a869,4f794039da113ba210aeb1e47f7e316f910b0166,c89b371bdb5423333b7387386058859812611798,
117,refs/heads/master,4f794039da113ba210aeb1e47f7e316f910b0166,2a8838d5fa8959722ad1b261fbed0533a6db83cb,a6b2ad6d78aa8f20c7bf7ac682653ba00991d830,
121,refs/heads/master,51b6bd2b43cc448e591f7dfede8475b4cac66527,192e248ea93ab58aebb73bc3c72d7c02239d4b0f,2b7d01108d8d0f3dbf30cdd2e77e536e0a0cbf23,
124,refs/heads/master,65febf8566fd6a13d7a392bfe9d1d15b676a6cc3,168392f8bf6ffb829815e3339fb7515c3386e109,ed3a8d000b771a9acc854ea17748a5f86bfa74e4,
126,refs/remotes/origin/black-dragon,dfa2d9b3ade497bf7b910289c7ea64c679190c2c,5296f41eb26d82eef99b93d8abf98cd2c9981a2a,c8c72850ea899204a4f85a549b00edd41abcd7b2,
127,refs/remotes/origin/pull/129,f38c12d393e3e9d9ea0fa76f89b3b82e8a96c9c6,38698988bb45b73fabcfab49981c90da9baadd4e,d7f2aed2e719f8761f54580c709b3f1fb62940c8,
128,refs/remotes/origin/pull/129,93b85b749ef590d0f3f9ec2ca8b79ab29529d8a5,dff83659426828e7d9727e72b11c82ecdf72b499,5b1c96ef647e19a5f551ac0d62c706ffe3915e18,
129,refs/remotes/origin/pull/129,dff83659426828e7d9727e72b11c82ecdf72b499,70d9b0e3b4b83b12efd8e287f99527bd5c5d856a,3b566e09be8c4761023ef173ff3cf85064197ebc,
130,refs/remotes/origin/pull/129,70d9b0e3b4b83b12efd8e287f99527bd5c5d856a,eeaa697f15d2b5973b6603527e7a790f966571c6,fe6d5d5b2f39a7e5fe6c5914d14d9a92a88b9de4,
131,refs/remotes/origin/pull/129,eeaa697f15d2b5973b6603527e7a790f966571c6,7f0fd8c0f347ffc9b6a76617ec21014eaa6828ab,82bfd65fb815ab3ad531f0dcf50613bc1021d0b3,
132,refs/remotes/origin/pull/129,40ad3c3a2832e785889dee52e719c255211e2cbf,7f0fd8c0f347ffc9b6a76617ec21014eaa6828ab,f50adca1a9290d922df9f90036954aa9e36b4222,
133,refs/remotes/origin/pull/129,8d7c67ca34bc48d5f4d72ca2fedae68c87798b14,d4485d9a3045914d2231eb29dc8a6f52b9367404,f0497ddd9fd388f6e05679c9d41f014068c2e25d,
134,refs/remotes/origin/pull/129,79c59f85fdc9b7dc5cedef9bc917eaf546168ffd,d62c56a929371a9a881efc3fc538ea7fe0d98f82,8053828631d52d0d51bdf31e1a1a2c041409afd2,
135,refs/remotes/origin/pull/129,9e368ccb348ff17975ae843231e6322ac927869d,035f5b6711fd3310cee35e891105480ea7ac9fe7,c305564ef0a8a276162558babab97f2dafc3d450,
136,refs/remotes/origin/pull/129,14a243819891dae2ea2913dee54cd92135699978,0cfdbe51d0a4f486cef99f28553b2ca29aec1d09,53a4840e8edbc01467d46340d846b4bc96d254d8,
137,refs/remotes/origin/pull/129,ae12673cd077109258f51bc9724b6e4b3a5444e8,8cffbdbec547ae36a5b79d1837dd3abbcdb21a57,2d1f7a98eb0b08186d9bd6a7154ce21277274f9f,
138,refs/remotes/origin/pull/129,d619b56e19d843e14cf9f09af10354ed28e3d9b7,93500b6c2500323f7dee215bd8d3289c925713ca,f68ec880d6e5f8a9677bce6b35eafb72ecfc0a0a,
139,refs/remotes/origin/pull/129,0bd2cbd962b17067d80b9ddfe78d493e0386702a,60238722bcc4c8579ba97af73ead97bd6781aebc,48d1b9e433fe4ef132b97d25b06c355e6f75e3b3,
140,refs/remotes/origin/pull/129,db333a3e6afe3e412aa61d9c26f1a56682e624bf,74b8d2fd1b98ed06d06b55ba125d9a93198d9900,22315398b00c879052e3550432799e53e4ee9d28,
141,refs/remotes/origin/pull/129,fc8bf79c6ea0d7ca2d20defc930aae7b60b1620b,45356041a1cfb6ac0916916c5eeae4177af51f3b,2b557e7ff4c35a34ede03ce6e1642db021390e5c,
142,refs/remotes/origin/pull/129,1bcbdb2c737df8265e9feb9ec188bc893f6a1582,197932e7f8d9d7c7b10aeb6a9e7c50923a6fbc0b,d57f30371f82b4c53a9cf45824a7c719f7e6f2fe,
143,refs/remotes/origin/pull/129,60aba9016a58e76db7f565eb3c3da429cfe06a9a,b45b266cc8db037567a8eb207e734eeb2b941f4c,59bf6be81f1e443db56f8141ce4f1d2fd682b547,
144,refs/remotes/origin/pull/129,b45b266cc8db037567a8eb207e734eeb2b941f4c,7c1d99660492c92539ba01df883f5d7fb656c8fe,38f42027383b7e112fd9dd959ae230b1066a88ef,
145,refs/remotes/origin/pull/202,223e9ddca2d612451b5121933cab9558f09b2488,a384be19de2d164aeafa06b211535cc1de11a472,bde01187a9817bf81e5301b272dedaa16038d2c1,
146,refs/remotes/origin/pull/202,a384be19de2d164aeafa06b211535cc1de11a472,7ad62635ac4757747cb404a1904c8bc4749254ae,0aae4db46794385df388e18c79400011e9930416,
148,refs/remotes/origin/pull/337,5d0ccf647a9e9a4aa39a0cec1c96200dbef34712,1b38fefdfc0705ddef379129e3925cef7d544092,d4bbfd4daab3093610c3166a096fb3aa0b83328f,
149,refs/remotes/origin/pull/337,1b38fefdfc0705ddef379129e3925cef7d544092,b4ef7f82ce5d0b40e22784411a2f9e58a5f0cfb2,4a833fb9d605d272f00343219d354a1f04711f09,
150,refs/remotes/origin/pull/337,7b79d3300cdc98c7643aa85a667916e915e8eb70,415e6be17221599efa1d6498f8ac14a86f1c84fe,43fd5e013df3ddcbbff42c964b323529ca761173,
151,refs/remotes/origin/pull/396,ddb221080539ca479b81bd2dd9d20de274710763,cb9f9a2fc6a1e40216d27c5758204632bf1f8081,03648e7c2e1a7ce794ed456be05d5f7bd8ff6c8e,
152,refs/remotes/origin/pull/396,03648e7c2e1a7ce794ed456be05d5f7bd8ff6c8e,ed13fb3db6298a0d610ef7f9af9378b3f296c54c,990c6d2a2ac60e814fb32f4e488f5da4aacc9347,
153,refs/remotes/origin/pull/397,aaf5d6d4b0ebb2f6507a8787cf5479700834fb5a,79b66323e96386215730df48c4acff5784576a6f,29a156154c75ad7bf5a3af6e2e5db3eaeb1af76a,
154,refs/remotes/origin/pull/397,79b66323e96386215730df48c4acff5784576a6f,da908451c1d5d3cb395a38cbcbbf56708e51f1b3,d433b2c94dd196ca77327181e0dd2209bd6bb335,
155,refs/remotes/origin/pull/419,90b990d7cb00b5106ce0f26cc912c8975f8a113c,6535bd1add08898ebe26bc9440e47be238cf8241,2550c6ebd6af0abc6a4e6e442a1b2d18095a6fee,
156,refs/remotes/origin/pull/419,6535bd1add08898ebe26bc9440e47be238cf8241,90bb6ff516d02ff4770a66fad9eb615e3f45518d,29a156154c75ad7bf5a3af6e2e5db3eaeb1af76a,
157,refs/remotes/origin/pull/419,2550c6ebd6af0abc6a4e6e442a1b2d18095a6fee,7e9d5f4d784d82c9b00ceea8fd046f049472a166,29a156154c75ad7bf5a3af6e2e5db3eaeb1af76a,
158,refs/remotes/origin/pull/419,7e9d5f4d784d82c9b00ceea8fd046f049472a166,e7a7e98ef49d70c031f1472713504be51dfc345a,d433b2c94dd196ca77327181e0dd2209bd6bb335,
159,refs/remotes/origin/pull/419,90bb6ff516d02ff4770a66fad9eb615e3f45518d,dcf7127f5400b55a9275155e37761cd7640819d6,d433b2c94dd196ca77327181e0dd2209bd6bb335,
160,refs/remotes/origin/pull/424,b615f0f39aa2fd85439010783f37090a38fa05d5,32804161d43287b3729cae63825d3b8cc2146a47,29a156154c75ad7bf5a3af6e2e5db3eaeb1af76a,
161,refs/remotes/origin/pull/424,e130f66d41180438fd4418a41367ecd488c41309,af0df685c104502bc8f003aa1c7a43978ee8c379,d433b2c94dd196ca77327181e0dd2209bd6bb335,
162,refs/remotes/origin/pull/424,692611d036c53048b40f0ae2e2dfc355fc6857d5,f300fd0e0191b01f896285e63d3e2cb20365b462,7b111ccf25aec8ad2ffa2c9aa38e029afb307c67,
163,refs/remotes/origin/pull/432,6e28d0379370d345fac272bc1149520355025c4b,7d5eacea50e9f29b4baa83c5bae9da4620fe1736,29a156154c75ad7bf5a3af6e2e5db3eaeb1af76a,
164,refs/remotes/origin/pull/432,5ab1f170a2b8b5ae24b13e875ee430eeebd3fd4d,6a5eff2bc4b5a352f8b44dd8a3eaa2157b49692f,a7b5874eecfe4bf8a31e0671c067b1d4b6f39458,
165,refs/remotes/origin/pull/435,1123ba55c3b21762978449136aa13e23ee8d6427,dfa2d9b3ade497bf7b910289c7ea64c679190c2c,29a156154c75ad7bf5a3af6e2e5db3eaeb1af76a,
167,refs/remotes/origin/pull/74,ea79193e7a27afa28359ac3c5d23c727d33f459a,e9785f95fba1a70fca7886e1f7777e8297c75b9d,a55c0bd8479454ca5251a11fee160a15ba1e8843,
168,refs/remotes/origin/pull/74,e9785f95fba1a70fca7886e1f7777e8297c75b9d,bb0d2912c760760d78becab70c6fe1a531662cc7,d736bfdb78eeb7b2b7dc0d118bf9c8961ba7ba25,
